37.503299580868955 -121.96013919978974
37.50576596374301 -121.98470395899983
37.51462626200875 -122.03105525695787
37.50299276562476 -121.99800658064399
37.478382785648726 -121.97330118529007
37.491187857922704 -122.03749019108913
37.49247636448854 -121.9684829731989
37.53696979158336 -122.0148170936303
37.514382860142796 -121.9688132751527
37.47245947132493 -122.01228128876508
37.53002025078085 -121.99662383607892
37.46136662078515 -122.00105155921216
37.46688801512166 -121.99120710892784
37.5224062291348 -122.02555215994049
37.5239533615642 -121.99330180713937
37.489271542377125 -122.00331250043035
37.50077573218805 -121.9769580665552
37.482412105046436 -122.00568469750746
37.491425666526155 -122.02979943988493
37.539469203390226 -122.01006336443312
37.48226181331059 -122.00642934948317
37.52816217361741 -121.98373508196146
37.49318731846673 -122.01136851545374
37.48775478683304 -121.97413210297779
37.49294590342603 -121.99770628547209
37.535191888649294 -122.02362676249335
37.525562886885005 -122.0276581652139
37.508213357891556 -122.02908326863452
37.512705709257055 -121.99324008905904
37.46876062543403 -122.02064631285488
37.49783882443741 -121.99335097438534
37.4671762572433 -122.02671819976368
37.487952956908664 -122.03310582567339
37.53603534719294 -121.99134997796158
37.52158461000708 -121.99309829512015
37.489402018920075 -122.03811723109854
37.50596912622952 -122.01792754658014
37.48115378119814 -121.97931240010176
37.53381732307572 -122.02620268355459
37.49737044514257 -121.98796824106326
37.47890350981464 -122.03644605776455
37.50127779382268 -122.0047295891691
37.50971795936472 -121.99303903288681
37.53276918893557 -121.9895145192134
37.470183523967336 -122.02364196798055
37.512255438398164 -121.98207856481521
37.493256681177975 -121.96403685330229
37.488093735676976 -122.0251839379561
37.50636546295572 -122.02374144059634
37.47012479157099 -121.98586249205913