0 37.76358068017831 -122.38035510340045
1 37.76678776495534 -122.37648132372912
2 37.792629571901735 -122.39637728322147
3 37.77177520853043 -122.43496838040112
4 37.7538240341922 -122.43808830854408
5 37.773262152260074 -122.36841627342135
6 37.807421372398004 -122.38792066544038
7 37.76769215570583 -122.4446121962692
8 37.77476135852771 -122.37018026078766
9 37.80611438975107 -122.43487860484261
10 37.76823863909468 -122.43880955797479
11 37.788905857495166 -122.39460871612606
12 37.78385216615614 -122.41637224659797
13 37.744577340378825 -122.41263203954685
14 37.75464075522383 -122.38049812104194
15 37.805355532180556 -122.3811510345761
16 37.76039838833713 -122.42366684814827
17 37.78509753045396 -122.42318578766312
18 37.7919780731885 -122.37797243188847
19 37.75749454906746 -122.3871103424881
20 37.78545987299043 -122.40319579383404
21 37.750753914551794 -122.42830873178563
22 37.80462342463082 -122.4435442745162
23 37.75274163759365 -122.38990495375143
24 37.77424384045282 -122.40992929795205
25 37.79162195194716 -122.38679454214935
26 37.77110947120811 -122.44640737711491
27 37.793559029058606 -122.43916664615993
28 37.80315247055642 -122.41627683168201
29 37.81721908021927 -122.43463251253752
30 37.74591204859316 -122.42275822639412
31 37.78777266347148 -122.40184750685748
32 37.78270325383423 -122.39091770803414
33 37.786648350404526 -122.37788733704929
34 37.799861403942934 -122.38164917866919
35 37.814584758532256 -122.39300234490214
36 37.78314740920133 -122.44899880847761
37 37.76588905662019 -122.3805415200056
38 37.75786699688154 -122.42633586361309
39 37.78525251997664 -122.4035304975382
40 37.75463598825865 -122.41600548407091
41 37.816729875714195 -122.4338442087712
42 37.78452962210467 -122.3862301144117
43 37.74330152144894 -122.39404219963191
44 37.76677707641782 -122.37181447853979
45 37.795609155155496 -122.44204319862297
46 37.7950670032741 -122.41589756434952
47 37.8165102747801 -122.42085328409138
48 37.78982784722123 -122.40712426124854
49 37.79874645568794 -122.39901391822525